Row,score1,score2,score3,score4
AT1G01270.1,0.229847762295347,0.265121458112373,0.190594479745479,0.3144362998468
AT1G01380.1,0.675411322584337,0.198853557793157,0.0768676720236954,0.0488674475988105
AT1G01453.1,0.0834431133646212,0.0251843700874225,0.878981569446305,0.0123909471016512
AT1G01453.2,0.0885750060736692,0.0270008273248939,0.871097549303764,0.0133266172976724
AT1G01480.1,0.185864653907397,0.64783387143216,0.0498099584392852,0.116491516221157
AT1G01580.1,0.158924040655112,0.376511665664562,0.0707243641323773,0.393839929547948
AT1G01600.1,0.928932032053403,0.0384049638304715,0.0235761966394891,0.00908680747663676
AT1G01620.1,0.0880994655380523,0.637453727664246,0.0285721493845133,0.245874657413188
AT1G01620.2,0.0882396968371858,0.63730377867675,0.0286217918834776,0.245834732602586
AT1G01640.2,0.887673938080465,0.0392461164739551,0.0614222819462612,0.0116576634993187
AT1G01640.1,0.886319603199493,0.0399272599554387,0.0619311837867959,0.011821953058273
AT1G01650.1,0.764943177798824,0.0778324574930217,0.130627813569317,0.0265965511388372
AT1G01650.2,0.765444523493522,0.0777406991385738,0.130263329663787,0.0265514477041165
AT1G01725.1,0.854024021305685,0.0741493846635009,0.0523540766571279,0.0194725173736858
AT1G01750.1,0.150737626031342,0.0360127592135253,0.797288741548022,0.0159608732071101
AT1G01770.1,0.734314900342236,0.142922249274384,0.0865947191244745,0.0361681312589058
AT1G02050.1,0.809996202167988,0.102694300317076,0.0614152137100764,0.0258942838048595
AT1G02205.3,0.540927619349475,0.29292273373686,0.0978269450881007,0.0683227018255645
AT1G02205.1,0.531922708210071,0.306552273214674,0.0932011814004942,0.0683238371747614
AT1G02205.2,0.531922647534433,0.306464215909993,0.0932684811466291,0.068344655408945
AT1G02460.1,0.708404693562886,0.155587230678096,0.0910043379352798,0.0450037378237374
AT1G02570.1,0.304460023114628,0.0705871036979365,0.594641992274569,0.0303108809128664
AT1G02770.1,0.160414046652488,0.721171875196874,0.0355574662264624,0.0828566119241756
AT1G02800.1,0.396323170592758,0.400198230338114,0.0887261925711528,0.114752406497976
AT1G02900.1,0.781213555267016,0.0857963198664553,0.10540256546198,0.0275875594045488
AT1G02920.1,0.763178733253932,0.0576335617109999,0.159099743227206,0.0200879618078617
AT1G02930.1,0.571535428821889,0.101604782236344,0.285454747867092,0.0414050410746752
AT1G02930.2,0.555760693181567,0.102000960303334,0.300177528616455,0.0420608178986436
AT1G03090.1,0.323854457166224,0.104699295448452,0.52514873657223,0.0462975108130933
AT1G03090.2,0.323315493085826,0.104146195437222,0.526497213952403,0.0460410975245497
AT1G03120.1,0.1247519175143,0.558816444595857,0.0428179903125055,0.273613647577338
AT1G03130.1,0.414723627357339,0.425566181051104,0.0824715625262373,0.0772386290653198
AT1G03630.1,0.0171996559943373,0.955751581590915,0.00444363252936931,0.022605129885378
AT1G03630.2,0.0171995574522152,0.955752217374392,0.00444358754950152,0.0226046376238917
AT1G03700.1,0.121646759564502,0.239733803938196,0.0717350226618273,0.566884413835474
AT1G03820.1,0.0569549493526245,0.183709439402692,0.0268619864809773,0.732473624763706
AT1G03850.2,0.0422456729073815,0.87610128696652,0.0114078296648426,0.0702452104612557
AT1G03970.1,0.713023126526832,0.146091988057226,0.102284123884435,0.0386007615315075
AT1G04140.1,0.317193866739321,0.562821817980543,0.0537219494491104,0.0662623658310256
AT1G04140.2,0.317115574740765,0.562935107822793,0.0537004091976729,0.0662489082387696
AT1G04180.1,0.326324401153519,0.112829886411229,0.501733247538353,0.0591124648968994
AT1G04220.1,0.771094043582827,0.132082184429336,0.0662106212077699,0.0306131507800675
AT1G04310.1,0.432074610319423,0.0704210196671763,0.468486334411558,0.0290180356018433
AT1G04360.1,0.103334632707102,0.762947104605012,0.0298341827848125,0.103884079903074
AT1G04660.1,0.087820730073518,0.187576683446092,0.0485901795056226,0.676012406974767
AT1G04800.1,0.122134769785041,0.680308824253378,0.0365903755050795,0.160966030456502
AT1G04980.1,0.155483162968483,0.750353496042667,0.0319777628356035,0.062185578153246
AT1G05000.1,0.590814440107844,0.242488571749477,0.0964263105887949,0.0702706775538842
AT1G05000.2,0.594969116655623,0.239233338184187,0.0964223870194945,0.0693751581406959
AT1G05010.1,0.186483281482541,0.0777329959098115,0.691690181710875,0.0440935408967732
AT1G05020.1,0.17265269486461,0.0730540635413869,0.712399658645456,0.0418935829485472
AT1G05220.1,0.277805881431989,0.504287222345703,0.0765703608010557,0.141336535421251
AT1G05240.1,0.0793342624774679,0.019766944301001,0.89204265317542,0.00885614004611096
AT1G05250.1,0.0678483840263252,0.0178223834551909,0.906178528776617,0.00815070374186749
AT1G05300.1,0.0928853258762046,0.448720581038452,0.0341016044438195,0.424292488641524
AT1G05450.2,0.0457467017497729,0.137602695028525,0.0213368437515118,0.795313759470191
AT1G05450.1,0.0775419460934615,0.19073222557657,0.0392057024418412,0.692520125888127
AT1G05660.1,0.108588858601994,0.215242359377467,0.0631500231265048,0.613018758894034
AT1G05890.2,0.628835098851402,0.245378162515557,0.0746346892240173,0.0511520494090242
AT1G05990.1,0.206877666254881,0.081311221072963,0.6684764795957,0.0433346330764568
AT1G06030.1,0.231801876554575,0.106297704431079,0.603428380486245,0.0584720385281001
AT1G06080.1,0.205289074149824,0.0956670285331749,0.642244382913485,0.0567995144035165
AT1G06180.1,0.0559125679082337,0.747867955349345,0.017431775321416,0.178787701421005
AT1G06330.1,0.175641997348829,0.0590790603743598,0.735155294764772,0.0301236475120387
AT1G06360.1,0.0626471472253043,0.261115218841142,0.0237476041157106,0.652490029817843
AT1G06520.1,0.0649678588934912,0.218181094739457,0.0276754227595444,0.689175623607507
AT1G06570.1,0.402844695477964,0.161462193562736,0.364548805435086,0.0711443055242132
AT1G06570.2,0.40284516630635,0.161462221037759,0.364548389091595,0.0711442235642966
AT1G06830.1,0.0896674832301336,0.261246523588499,0.0411256665322616,0.607960326649106
AT1G06923.1,0.609336001557195,0.0879458234533994,0.271232510779467,0.0314856642099379
AT1G06930.1,0.391863278391935,0.384079955007978,0.0945839968354802,0.129472769764607
AT1G06980.1,0.250156997281892,0.601074946504447,0.0587495033282591,0.0900185528854021
AT1G07000.1,0.895849213128836,0.0593913651619551,0.0311617175475908,0.0135977041616178
AT1G07040.1,0.74053565069391,0.128057663509233,0.0962562127613086,0.0351504730355479
AT1G07128.1,0.669288530811506,0.196560442041896,0.0884533686675016,0.0456976584790962
AT1G07150.2,0.596495757003559,0.266429096346282,0.0770289650705025,0.0600461815796561
AT1G07150.1,0.596510263504735,0.266414902477125,0.077030397867825,0.060044436150315
AT1G07230.1,0.813107728454134,0.103994316134651,0.0581726852228501,0.0247252701883656
AT1G07260.1,0.89924647303412,0.053935984331235,0.0329980899957729,0.013819452638872
AT1G07300.1,0.731596316363493,0.0700659331259177,0.174747442679536,0.023590307831054
AT1G07310.1,0.798397030052507,0.127809872202024,0.0468809145290195,0.0269121832164492
AT1G07440.2,0.807310188948115,0.0776052640121909,0.0923616121892716,0.0227229348504224
AT1G07440.1,0.80506080998688,0.0786920898189614,0.0932181525860794,0.0230289476080787
AT1G07640.1,0.885185165165497,0.064518628991245,0.0347625164290916,0.0155336894141662
AT1G07690.1,0.318285554871604,0.0995913274456162,0.537195082870433,0.0449280348123468
AT1G07720.1,0.148274429524173,0.69560481334625,0.0430412641209361,0.113079493008641
AT1G07795.1,0.53327404941825,0.141816021669113,0.268551814939829,0.0563581139728074
AT1G08005.1,0.14521854510945,0.359492022611209,0.0695416234804483,0.425747808798893
AT1G08010.2,0.859901478779158,0.0842857091599157,0.0371663812147504,0.0186464308461757
AT1G08115.1,0.232588595286338,0.582894927973607,0.0617692862428313,0.122747190497223
AT1G08320.2,0.106861512747364,0.795830989673363,0.0245359196021991,0.0727715779770745
AT1G08390.1,0.400173629486453,0.437561108548896,0.0756748239518096,0.0865904380128407
AT1G08430.1,0.272599621246696,0.566587063740784,0.0606528884133971,0.100160426599123
AT1G08630.3,0.257117072681903,0.162464746090562,0.468473700855278,0.111944480372257
AT1G08630.1,0.257171021398021,0.162670499887928,0.468058478350628,0.112100000363424
AT1G08630.4,0.257034578208426,0.162402899973539,0.468813225827051,0.111749295990984
AT1G08630.2,0.25704639599044,0.162434214302195,0.468738514711588,0.111780874995777
AT1G08630.5,0.257071508350375,0.16234676050038,0.468928115660783,0.111653615488462
AT1G08650.2,0.535633892719446,0.303032111766332,0.0963486015425011,0.0649853939717205
AT1G08930.1,0.77512866863034,0.108188482734346,0.0853517270754408,0.0313311215598734
AT1G08930.2,0.774928148479761,0.108257950094454,0.0854508577036864,0.0313630437220987
AT1G08940.1,0.769685202928882,0.128064287380318,0.0722885868025513,0.0299619228882488
AT1G08990.1,0.086085398120691,0.344640168473993,0.0340111113816353,0.535263322023681
AT1G09240.1,0.449015568657649,0.232118447038227,0.204408572968163,0.114457411335961
AT1G09350.1,0.0581479740487206,0.147774350699496,0.0299092629720674,0.764168412279716
AT1G09380.1,0.24761281614125,0.39008428654876,0.0971296397425601,0.265173257567429
AT1G09500.1,0.0856085457407315,0.197326086827366,0.0430439846100493,0.674021382821853
AT1G09530.1,0.669787110053653,0.0914034896590908,0.204947395727749,0.0338620045595074
AT1G09530.2,0.669607739386373,0.0917381203731608,0.204677945817841,0.0339761944226254
AT1G09710.2,0.155455518330611,0.726606884454448,0.035114264720977,0.082823332493964
AT1G09812.1,0.11652078688813,0.314874345103981,0.0577033499478626,0.510901518060026
AT1G09932.1,0.563803550875336,0.1967401618193,0.175035400748214,0.0644208865571502
AT1G09932.2,0.57026197089969,0.191346755732725,0.175704886022431,0.0626863873451533
AT1G09950.1,0.12631128882442,0.551916581750412,0.0471488937823839,0.274623235642784
AT1G09960.1,0.132993049853544,0.620213384720273,0.038410338856687,0.208383226569496
AT1G10020.1,0.742230859167437,0.159480837815652,0.0635046361085372,0.0347836669083735
AT1G10060.1,0.151602367339656,0.0466866989221305,0.779031631703081,0.0226793020351326
AT1G10060.2,0.145691381868736,0.0433803336213701,0.790121427252535,0.020806857257359
AT1G10060.3,0.17609928595586,0.0481068398387392,0.753564317560816,0.022229556644585
AT1G10070.1,0.226165692511232,0.0934384046006844,0.631363683010513,0.0490322198775712
AT1G10070.2,0.227473943083391,0.0944094351662366,0.628530791657774,0.0495858300925984
AT1G10070.3,0.227599128400753,0.0944837505985705,0.628298499791657,0.0496186212090198
AT1G10140.1,0.654908532855027,0.0681928587560638,0.251891592649812,0.0250070157390978
AT1G10160.1,0.773042019784381,0.0882814780736919,0.109851985985194,0.0288245161567329
AT1G10210.1,0.81338807294879,0.115697560104648,0.0463042873261747,0.0246100796203873
AT1G10210.2,0.811173617021541,0.11739146237059,0.0465517360605465,0.0248831845473225
AT1G10360.1,0.0266118811836222,0.135063799596297,0.010543163338372,0.827781155881709
AT1G10370.1,0.0759359846071087,0.737620520095592,0.0233846218365983,0.163058873460701
AT1G10380.1,0.61260558986688,0.243134376350154,0.0843740394574543,0.0598859943255117
AT1G10400.1,0.798140709779921,0.0924812293649331,0.0836839881519997,0.0256940727031463
AT1G10480.1,0.055438293423703,0.467542953179617,0.0194070771770875,0.457611676219593
AT1G10970.1,0.128354419081396,0.59676065350603,0.0388873008013118,0.235997626611262
AT1G10990.1,0.785012109461026,0.0852729876038145,0.10454582688599,0.0251690760491698
AT1G10990.2,0.761430908231027,0.0954413472789217,0.114885497771955,0.0282422467180966
AT1G11120.1,0.163350595557414,0.695490000104622,0.0444537167654165,0.0967056875725473
AT1G11120.2,0.163914183926236,0.6952127553462,0.0445015281036552,0.0963715326239087
AT1G11125.1,0.0779804696060683,0.706649904390523,0.0250563637487597,0.190313262254649
AT1G11175.1,0.386705608677563,0.338559656794589,0.161284185677399,0.113450548850449
AT1G11185.1,0.205857196221613,0.0890339152953036,0.652483250060748,0.0526256384223351
AT1G11210.1,0.743377452948331,0.0965374335818604,0.13126301526016,0.0288220982096487
AT1G11260.1,0.622190026999728,0.0654014282445227,0.288582466182762,0.023826078572987
AT1G11530.1,0.879953207353288,0.041372907081196,0.0660038963048052,0.0126699892607108
AT1G11540.1,0.525304390655128,0.0942093383501852,0.343221454692314,0.037264816302373
AT1G11655.1,0.454175089898927,0.0868596529140157,0.424088221276993,0.0348770359100648
AT1G11700.1,0.166330776502837,0.719549666714105,0.037487027786671,0.0766325289963868
AT1G11800.1,0.444524129232495,0.418077815392519,0.0718560806260696,0.0655419747489166
AT1G11840.5,0.100146383286917,0.822452800491652,0.0218148473832795,0.0555859688381512
AT1G11840.2,0.100146057495206,0.822453382081434,0.0218147696302926,0.0555857907930678
AT1G11840.6,0.0995479011291516,0.823264109432819,0.0217057980009549,0.0554821914370744
AT1G11840.1,0.0999925648057679,0.822635885971006,0.0217885930249944,0.0555829561982317
AT1G11840.3,0.0998575266970431,0.822815131258435,0.0217659439476105,0.0555613980969115
AT1G11840.4,0.0999977702649719,0.822585939983126,0.0217947749135553,0.0556215148383463
AT1G11920.1,0.207187175125946,0.0943112681126852,0.646965036898089,0.0515365198632802
AT1G11960.1,0.0737907035968032,0.850726578493454,0.0188403666682926,0.0566423512414505
AT1G12040.1,0.104261452627796,0.0313999165081716,0.849455008218654,0.0148836226453782
AT1G12064.1,0.0142268731636289,0.050608710076004,0.00619291235416713,0.9289715044062
AT1G12330.1,0.111498822233862,0.754856685625508,0.0305152922778085,0.103129199862821
AT1G12440.2,0.827434112020545,0.0956509611090308,0.0532671096023211,0.023647817268103
AT1G12500.1,0.289047425717098,0.589827884361219,0.0523757493460178,0.0687489405756647
AT1G12560.1,0.0800692430288481,0.0204579137590966,0.890089543123915,0.00938330008814047
AT1G12672.2,0.161387249320236,0.0495759378729936,0.766244702520201,0.0227921102865689
AT1G12672.1,0.135278553435883,0.0422308938817955,0.80245349416829,0.0200370585140317
AT1G12890.1,0.1076632056985,0.564027873083514,0.034635930924209,0.293672990293776
AT1G12950.1,0.166258047573434,0.0394048095015839,0.776929034638876,0.0174081082861059
AT1G13080.2,0.0546362889610147,0.73847144037392,0.0173283052884737,0.189563965376592
AT1G13080.1,0.0546614252770646,0.736565846012209,0.0173526800710384,0.191420048639688
AT1G13100.1,0.819151829161349,0.0859214073683311,0.0711571308041007,0.0237696326662191
AT1G13250.1,0.749320375503541,0.0558308777879961,0.175175414995587,0.0196733317128755
AT1G13430.1,0.513862276657881,0.0743781947535358,0.382487424182107,0.0292721044064766
AT1G13448.1,0.64915820271834,0.105210647326008,0.209813172424876,0.0358179775307761
AT1G13635.1,0.100554659207185,0.330319634031162,0.0410322187269922,0.52809348803466
AT1G13670.1,0.774459513554681,0.100964637257548,0.095487256542261,0.0290885926455099
AT1G13710.1,0.0733422045460549,0.782403779549437,0.0226269907352657,0.121627025169242
AT1G13900.1,0.369078979911907,0.478876363098939,0.0745225449707268,0.0775221120184278
AT1G13910.1,0.825054201859408,0.101364537269871,0.0508521724855417,0.0227290883851789
AT1G13930.2,0.606334534784319,0.228204250243713,0.10323354050807,0.0622276744638979
AT1G13930.3,0.606334622372266,0.228204451449301,0.103233290048744,0.0622276361296884
AT1G13930.1,0.607036484160176,0.227485357360009,0.103377681556895,0.0621004769229191
AT1G14210.1,0.845621726118116,0.0557248077824875,0.0823844456628131,0.016269020436583
AT1G14240.2,0.0442356186368256,0.144137322079046,0.0192585714162645,0.792368487867864
AT1G14240.1,0.0454254772317757,0.147772980000456,0.0197669298761616,0.787034612891607
AT1G14240.3,0.045156424104539,0.147054186554899,0.0196476050675539,0.788141784273008
AT1G14240.4,0.0446572762628968,0.145410662263987,0.019433407127449,0.790498654345667
AT1G14700.1,0.0894552758816302,0.414793839746964,0.0340449316842149,0.461705952687191
AT1G14700.2,0.0894552509703888,0.414793790771446,0.0340449255054622,0.461706032752703
AT1G14790.1,0.675032831283412,0.19959735827268,0.0779659668205932,0.0474038436233152
AT1G14890.1,0.639946699069051,0.0676963229961408,0.268161189729825,0.0241957882049836
AT1G14960.1,0.0474689648472264,0.196398421869395,0.0186609281613094,0.737471685122069
AT1G15010.1,0.0385769395381944,0.114749375910377,0.0183309589121216,0.828342725639307
AT1G15040.1,0.172243982034676,0.0626858033165837,0.731453223194398,0.0336169914543426
AT1G15040.2,0.171840321226048,0.0624679669427111,0.732208697741561,0.0334830140896801
AT1G15050.1,0.442181952269045,0.331453343439279,0.122848192247803,0.103516512043874
AT1G15080.1,0.080749421631461,0.674618786420881,0.0247466473527095,0.219885144594949
AT1G15100.1,0.278281849622948,0.564581341262155,0.064835732115737,0.0923010769991594
AT1G15125.1,0.314075296609212,0.087346140986055,0.556603914250152,0.0419746481545818
AT1G15170.1,0.742637991807055,0.124458536592298,0.0948690344141255,0.0380344371865215
AT1G15260.1,0.0583028224039993,0.793008506337342,0.0166954560938199,0.131993215164838
AT1G15350.2,0.884681265237594,0.0654013995324235,0.0340716803797571,0.0158456548502251
AT1G15350.1,0.884522904407383,0.0656251007556521,0.0339900502790671,0.0158619445578982
AT1G15350.3,0.885346407265346,0.0650254101007512,0.0338848374705394,0.0157433451633631
AT1G15380.1,0.280901180625641,0.0717699670003119,0.613747441687285,0.0335814106867629
AT1G15380.2,0.276439249007638,0.0710183755378332,0.619219361330575,0.0333230141239542
AT1G15630.1,0.496942177639877,0.0832458785587165,0.388401271945876,0.0314106718555305
AT1G15640.1,0.485238163424983,0.120566323981656,0.341398116739019,0.0527973958543421
AT1G15825.1,0.734726549215496,0.0980527536021585,0.133664303073399,0.0335563941089472
AT1G16370.1,0.459056553650187,0.3526684533798,0.0893593955138166,0.0989155974561962
AT1G16500.1,0.0550188276591707,0.41813484393085,0.0191815828607933,0.507664745549186
AT1G16515.1,0.0798046997693276,0.327204297321457,0.031515262775958,0.561475740133258
AT1G17020.1,0.0607488345077052,0.227303392290904,0.0246212346143311,0.687326538587059
AT1G17090.1,0.0717903645400434,0.700433771265181,0.0230589454652365,0.204716918729539
AT1G17090.2,0.0711559409301537,0.717753235212123,0.022544321097858,0.188546502759866
AT1G17170.1,0.0677077940201562,0.205730740391793,0.028635246632173,0.697926218955877
AT1G17180.1,0.0528067599355998,0.137461216630493,0.0252972205955449,0.784434802838362
AT1G17190.1,0.0770885679786492,0.743314738623992,0.0229294906222163,0.156667202775142
AT1G17300.1,0.889795335180056,0.042919289168782,0.0549170569914098,0.0123683186597524
AT1G17310.1,0.248790999762015,0.124920675210838,0.547724707507635,0.0785636175195127
AT1G17345.1,0.295226642931278,0.105872756708794,0.541852986231078,0.0570476141288492
AT1G17710.2,0.235498337133688,0.123220043651208,0.56260297530213,0.0786786439129733
AT1G17710.1,0.235223130005124,0.122985159774797,0.563297244304283,0.0784944659157959
AT1G17810.1,0.31034395972088,0.0776135073968965,0.576464054775502,0.0355784781067214
AT1G17970.1,0.097031060560541,0.792285173803072,0.0240222158276954,0.0866615498086912
AT1G18060.1,0.0546133312805911,0.845853922574269,0.0150823318938704,0.0844504142512697
AT1G18100.1,0.250348953018851,0.0626553532180766,0.658047854292299,0.0289478394707731
AT1G18140.1,0.0483674605419022,0.148070126660405,0.0227559427436195,0.780806470054073
AT1G18200.1,0.210123791060086,0.0607696070525245,0.701387695824824,0.0277189060625659
AT1G18280.1,0.664270652030791,0.092652667730388,0.210602788464926,0.0324738917738945
AT1G18290.1,0.79998633024501,0.0711057385207107,0.106896742325029,0.0220111889092502
AT1G18420.1,0.467040434403766,0.0865962093769371,0.413319711583171,0.0330436446361265
AT1G18470.1,0.398842317123704,0.456270868142426,0.0730238787345326,0.0718629359993374
AT1G18470.2,0.399582398926856,0.455102697422999,0.0733351177955901,0.0719797858545544
AT1G18570.1,0.706289061933214,0.161019847117607,0.0891021092237616,0.0435889817254177
AT1G18740.1,0.133324095614291,0.734775949780093,0.0365387596483957,0.0953611949572198
AT1G18870.1,0.111284239010952,0.22542789014515,0.0646812393536032,0.598606631490295
AT1G18870.2,0.112111609524529,0.225738973040002,0.0654410400687865,0.596708377366683
AT1G18970.1,0.213465837751035,0.0765345862190789,0.670993840451408,0.0390057355784786
AT1G18980.1,0.500019515898275,0.222140447535188,0.187778737055925,0.0900612995106114
AT1G19180.1,0.652304886942956,0.211636952699879,0.0806215926386354,0.0554365677185301
AT1G19180.2,0.650316197353142,0.213380449311649,0.0805428851644607,0.0557604681707477
AT1G19200.1,0.616209640166885,0.147650877966554,0.186356017207259,0.0497834646593017
AT1G19380.1,0.701610687287764,0.154843847959087,0.0993688951899565,0.0441765695631924
AT1G19530.1,0.192492894593687,0.0898785431357127,0.665303770834702,0.0523247914358986
AT1G19550.1,0.143766315462957,0.638402148347617,0.0409907510942125,0.176840785095213
AT1G19670.1,0.0786491483541374,0.841198837713756,0.0195780423259328,0.0605739716061737
AT1G19770.1,0.915656509517075,0.0394862059722271,0.0337776226596546,0.0110796618510433
AT1G19900.1,0.244267248200825,0.115729693764397,0.569221897699121,0.0707811603356572
AT1G19960.1,0.358122475707955,0.0792160289297942,0.530369213931362,0.0322922814308887
AT1G20030.2,0.0233707786801509,0.0820584155843508,0.0104256058066443,0.884145199928854
AT1G20030.1,0.0237680862581657,0.0835190343020878,0.0105990493555961,0.88211383008415
AT1G20070.1,0.0127965049622021,0.0533508516636758,0.00538160802607974,0.928471035348042
AT1G20520.1,0.225191892037614,0.0590225970634683,0.689375788526507,0.0264097223724104
AT1G20790.1,0.906051533976507,0.031822601020547,0.0521700879869907,0.00995577701595535
AT1G20823.1,0.0885046712134539,0.688984215256624,0.0275734877419031,0.194937625788019
AT1G20900.1,0.944689707076336,0.0192907290730539,0.030227822751487,0.0057917410991227
AT1G21050.1,0.761483568045408,0.136064987293043,0.0673703383827467,0.0350811062788017
AT1G21080.2,0.483783459973832,0.38289915705803,0.0711527377698224,0.0621646451983158
AT1G21110.1,0.126965093201075,0.470852889323766,0.0466458554455774,0.355536162029581
AT1G21120.1,0.226532924576516,0.47817572699734,0.0797791024184526,0.215512246007691
AT1G21130.2,0.671802026191301,0.0870649517226833,0.20948984133568,0.031643180750336
AT1G21130.1,0.671185350424358,0.0871348431111306,0.209996514326811,0.0316832921377008
AT1G21140.1,0.309506461754279,0.379070186002595,0.127167402901383,0.184255949341743
AT1G21326.1,0.14271043582042,0.0580244119451548,0.766637877964877,0.0326272742695481
AT1G21360.1,0.323999968595575,0.0755288585798729,0.568840368187045,0.0316308046375075
AT1G21400.1,0.211563797202017,0.0959633323622265,0.639255332695035,0.0532175377407213
AT1G21410.1,0.73785401798644,0.149178540427424,0.077570433664083,0.0353970079220526
AT1G21695.1,0.901921631961599,0.0347029249261237,0.0529269152432632,0.0104485278690145
AT1G21770.1,0.85566791343505,0.0849929987789459,0.0403902787072052,0.0189488090787991
AT1G21780.2,0.795226039830214,0.123633151110277,0.0538580488679346,0.0272827601915738
AT1G21780.1,0.795533082542878,0.123485823479014,0.0537475945209053,0.0272334994572026
AT1G21790.1,0.0974034487346881,0.737049988069951,0.0269285949405943,0.138617968254767
AT1G21910.1,0.726299021898579,0.107414859441639,0.128809308948371,0.0374768097114114
AT1G22065.1,0.350809561956751,0.0966145971892586,0.513275353074381,0.0393004877796096
AT1G22110.1,0.100165312385533,0.570236963264887,0.0372177962489695,0.292379928100611
AT1G22330.1,0.148625816279024,0.660190808722524,0.0469627421177352,0.144220632880716
AT1G22520.2,0.361787902681111,0.492068767909429,0.0638400743314438,0.0823032550780168
AT1G22520.1,0.354412444802977,0.495296688131016,0.0646078703450348,0.0856829967209718
AT1G22530.1,0.113395196729559,0.66767345965663,0.0375831726093248,0.181348171004487
AT1G22550.1,0.0576044452872337,0.573469757556438,0.0194533497184209,0.349472447437908
AT1G22600.1,0.109554845975687,0.301229030240054,0.0491706410715785,0.540045482712681
AT1G22710.1,0.0907153132911099,0.602519693976318,0.0283307354317545,0.278434257300818
AT1G22740.1,0.143825390732778,0.736792636478153,0.0343519381917893,0.0850300345972797
AT1G22990.1,0.418275574746705,0.172760878982017,0.33994944170127,0.0690141045700079
AT1G23052.1,0.714911073969342,0.0791010319255049,0.180365970536466,0.0256219235686867
AT1G23090.1,0.85343868563412,0.0770281146084446,0.0504485428829577,0.0190846568744775
AT1G23100.1,0.261444804340574,0.493994201586246,0.0777274819778933,0.166833512095286
AT1G23120.1,0.61833562953277,0.207948544600294,0.119362148705796,0.0543536771611392
AT1G23330.1,0.044467784843256,0.885248200784153,0.0122915156163723,0.0579924987562188
AT1G23390.1,0.834735035399363,0.0958471128948155,0.0472111398353667,0.0222067118704553
AT1G23720.1,0.732136984414629,0.111831960843075,0.121150244298727,0.0348808104435685
AT1G23730.1,0.249365648752119,0.151420941068116,0.495688883298427,0.103524526881338
AT1G23830.1,0.960489475397202,0.0204202565511494,0.0141476133717704,0.00494265467987898
AT1G23850.1,0.882816788302787,0.0615020876314272,0.0398825193806895,0.015798604685096
AT1G23870.1,0.743196984089898,0.11691750880002,0.106945093561936,0.0329404135481459
AT1G24095.1,0.109075773019599,0.541877149345646,0.0356943564808835,0.313352721153872
AT1G24170.1,0.317559143043576,0.553638725755742,0.056964365558115,0.0718377656425669
AT1G24430.1,0.228158764408355,0.349376301192842,0.140792030917511,0.281672903481292
AT1G24530.1,0.343844981321357,0.077946303946185,0.542644553081242,0.0355641616512158
AT1G24580.1,0.19325101155122,0.32440317645138,0.12169388997295,0.360651922024451
AT1G24600.1,0.0245569178602827,0.113984683490674,0.00985517581384542,0.851603222835198
AT1G25240.1,0.136826849586276,0.0452149500066347,0.796175526887038,0.021782673520052
AT1G25320.1,0.688241842308628,0.0836922479110395,0.197760846729372,0.030305063050961
AT1G25450.1,0.419217057218661,0.404320835575436,0.08993667753419,0.0865254296717127
AT1G25530.1,0.0881344343007222,0.0260053400320113,0.873433349981975,0.0124268756852915
AT1G25560.1,0.417210355347546,0.128153586399715,0.391411947379266,0.0632241108734729
AT1G26250.1,0.553535430075157,0.131944206549877,0.268127006561484,0.0463933568134824
AT1G26270.1,0.73283790754301,0.0813544883685823,0.15769500730391,0.0281125967844983
AT1G26360.1,0.167217535081904,0.0358929225117072,0.781393384773845,0.0154961576325437
AT1G26762.1,0.0728226617002623,0.185350987279541,0.0376362198132234,0.704190131206974
AT1G26770.1,0.0697717743704659,0.396190690869106,0.0247464342270917,0.509291100533336
AT1G26800.1,0.705383821122918,0.161327550379873,0.0941596672338688,0.0391289612633402
AT1G26930.1,0.774664981385693,0.0546985367803697,0.151487805025158,0.0191486768087793
AT1G27020.1,0.339065198194034,0.0621892581520481,0.574375061689956,0.0243704819639619
AT1G27030.1,0.846174186600818,0.0680365432837765,0.0674122549627739,0.0183770151526314
AT1G27090.1,0.814356114965509,0.109891461082171,0.0513915508988273,0.0243608730534927
AT1G27100.1,0.945197862702229,0.026245272044853,0.0216875538340862,0.00686931141883231
AT1G27620.1,0.830784800348155,0.0458828370332404,0.108240403609041,0.0150919590095643
AT1G27650.1,0.719865334872778,0.175840996448475,0.0674933274594615,0.0368003412192855
AT1G27650.2,0.715274752669817,0.181034759957647,0.0665170534155914,0.0371734339569445
AT1G27670.1,0.666316342691885,0.0973832314262615,0.204497085346846,0.0318033405350075
AT1G27740.1,0.631450815790682,0.143306216496373,0.174972664020659,0.0502703036922861
AT1G28080.1,0.73488778540025,0.123857463908893,0.101888173767133,0.0393665769237239
AT1G28130.1,0.0859095681335462,0.744707593260902,0.0261413254713875,0.143241513134165
AT1G28130.2,0.0807389659765384,0.761864530697444,0.0243361513450496,0.133060351980968
AT1G28370.1,0.262792070930358,0.11351634209262,0.556818014994947,0.0668735719820748
AT1G28380.1,0.916643328110818,0.0482341164773453,0.0243347174881934,0.0107878379236433
AT1G28520.2,0.829263146348514,0.0602554021930456,0.0908277600264562,0.0196536914319839
AT1G28520.1,0.822140590972173,0.0618587288054444,0.0956685858917667,0.0203320943306165
AT1G28600.2,0.0959622442367257,0.716789118215901,0.027373229395736,0.159875408151638
AT1G28600.1,0.0958586737544169,0.7173061876646,0.0273365366141829,0.159498601966801
AT1G29080.1,0.152501866373836,0.247851436750341,0.0993601507329678,0.500286546142856
AT1G29090.1,0.226363273765448,0.0618206957788828,0.683684995547236,0.0281310349084335
AT1G29160.1,0.684917571726966,0.20159782158833,0.0673042653693594,0.0461803413153452
AT1G29195.1,0.0794818080814928,0.701373670156128,0.0256613740018616,0.193483147760518
AT1G29395.1,0.0199264354605667,0.0673111909962856,0.00871471233276823,0.904047661210379
AT1G29420.1,0.188000070686192,0.427327251465129,0.0842564905490426,0.300416187299636
AT1G29440.1,0.186345189064893,0.611209123154925,0.0602379363567385,0.142207751423444
AT1G29450.1,0.103217569886682,0.787747359644087,0.0274478003962112,0.0815872700730199
AT1G29460.1,0.194644228950849,0.668764372182427,0.0475116817254234,0.0890797171413003
AT1G29490.1,0.297804519948289,0.533217430344275,0.0737770517593468,0.0952009979480896
AT1G29510.1,0.217746190244182,0.651572415014166,0.0493998803873929,0.0812815143542586
AT1G29540.1,0.0733213890967231,0.0245882816561217,0.889596214104176,0.0124941151429794
AT1G30160.2,0.342368670436639,0.449401057998109,0.0777331630535802,0.130497108511671
AT1G30380.1,0.160064880851822,0.660108064330615,0.0466584754632269,0.133168579354336
AT1G30530.1,0.0289242345552834,0.915486761531726,0.00784196568475708,0.0477470382282332
AT1G30650.1,0.908488054174514,0.0428776675712825,0.0374106472182037,0.0112236310360002
AT1G30730.1,0.69966137429314,0.171285010401519,0.0832246757613145,0.045828939544026
AT1G30750.1,0.184303933286724,0.679512481673635,0.0406593442411224,0.0955242407985189
AT1G30795.1,0.27084303044532,0.229567618272369,0.316502801082615,0.183086550199696
AT1G30840.2,0.555979486690059,0.101992139203632,0.301530509684639,0.0404978644216705
AT1G30840.1,0.562262455677809,0.10182575656734,0.295684471792294,0.0402273159625568
AT1G30850.1,0.190842574220446,0.0580764293188115,0.724014845758453,0.0270661507022897
AT1G30870.1,0.0548086793296252,0.0142445156113885,0.924463834900791,0.00648297015819517
AT1G31050.1,0.504370326486622,0.317786805814556,0.107006444612943,0.0708364230858792
AT1G31350.1,0.896408704118046,0.0494539532309466,0.0410651381347897,0.0130722045162177
AT1G31772.1,0.224780708789034,0.315837404534168,0.151343226270318,0.308038660406481
AT1G31820.1,0.482055974083521,0.338016266565627,0.104528728737385,0.0753990306134666
AT1G31885.1,0.357254913350424,0.0810381459696384,0.527281528586505,0.0344254120934327
AT1G32170.1,0.112770921864291,0.744489876202768,0.0321240506175036,0.110615151315437
AT1G32385.1,0.20268214822549,0.39340940197947,0.079131318520347,0.324777131274693
AT1G32460.1,0.787926139216448,0.12749343501131,0.0570769944997411,0.0275034312725005
AT1G32540.1,0.794093019627136,0.0995789359190073,0.0791273641874643,0.0272006802663929
AT1G32540.2,0.764000080788975,0.113562532527811,0.0909834645000645,0.0314539221831501
AT1G32560.1,0.0901319224088389,0.247368992081307,0.0443337139610932,0.618165371548761
AT1G32690.1,0.476695988034534,0.314212400092,0.103941882717012,0.105149729156454
AT1G32900.1,0.0658072877145742,0.325196277179291,0.0241578782704955,0.584838556835639
AT1G33110.2,0.0529182709852413,0.218025379446086,0.0204230976381123,0.70863325193056
AT1G33110.1,0.0529008419512073,0.218157899843583,0.0204112793957674,0.708529978809442
AT1G33260.1,0.643109717863843,0.116519662735929,0.196088759807294,0.0442818595929339
AT1G33260.2,0.643103910150413,0.116520658584692,0.196092859624891,0.0442825716400042
AT1G33700.1,0.750377972796418,0.0851279133894343,0.138623107840465,0.0258710059736826
AT1G33700.2,0.750385233727135,0.0851240363046775,0.138620889120575,0.0258698408476127
AT1G33811.1,0.0580037078152006,0.83406394121688,0.0158337583711392,0.0920985925967808
AT1G34040.1,0.0689879355596841,0.60982234835174,0.0238590294770555,0.29733068661152
AT1G34510.1,0.232017467452865,0.0619370437581067,0.679349244943449,0.0266962438455799
AT1G34540.1,0.173876557562999,0.0385599657499363,0.770944687140417,0.0166187895466478
AT1G34670.1,0.134670737733596,0.358148447716343,0.0601348712322038,0.447045943317857
AT1G34760.2,0.81532029641077,0.0876432882085963,0.0734938469915481,0.0235425683890861
AT1G34760.1,0.827315242154051,0.0821409745407897,0.0686711349727024,0.0218726483324574
AT1G35183.1,0.273705035099478,0.202361776188488,0.366001783435549,0.157931405276485
AT1G35250.1,0.166056729911235,0.514905256839466,0.0602011121326979,0.258836901116601
AT1G35310.1,0.245955986250543,0.141886871347631,0.522718172741093,0.0894389696607335
AT1G35516.1,0.0849114390699295,0.805889723627018,0.0227876288092216,0.086411208493831
AT1G35617.1,0.25353791019763,0.138741641808887,0.517994775167963,0.0897256728255197
AT1G36060.1,0.140883994381137,0.0552943451687176,0.773031615390892,0.0307900450592536
AT1G36940.2,0.226025649447482,0.585571844335246,0.0644003597016525,0.12400214651562
AT1G36940.1,0.208638607725498,0.613142688165126,0.0586589380499754,0.119559766059401
AT1G38065.1,0.156404400367901,0.705040476160973,0.0425924591353413,0.095962664335785
AT1G38131.1,0.181079054378329,0.669021092046917,0.0492453873587633,0.10065446621599
AT1G42990.1,0.400410774964091,0.458396759874569,0.0682334951013042,0.0729589700600353
AT1G43160.1,0.186678345542004,0.0459162297743257,0.745788201943702,0.0216172227399678
AT1G43580.1,0.157568414893062,0.695979379475284,0.0436887927412431,0.102763412890411
AT1G43650.1,0.0602417110935071,0.771952804340895,0.0177111051202121,0.150094379445386
AT1G43650.2,0.0712170926195995,0.727698548949561,0.0219409456419332,0.179143412788906
AT1G43700.1,0.746362091792594,0.129040867298384,0.0912823373809741,0.0333147035280476
AT1G43780.1,0.141324324164282,0.248262558466794,0.0830863198474568,0.527326797521467
AT1G43790.1,0.779979553342815,0.133736613356906,0.0558757503648377,0.0304080829354413
AT1G43800.1,0.330167737534044,0.133934071892572,0.470649239872293,0.0652489507010908
AT1G44090.1,0.312222966188686,0.197211598608929,0.375941130352847,0.114624304849539
AT1G44350.1,0.081757900328753,0.773174029017521,0.0225527428014442,0.122515327852282
AT1G44800.1,0.0580082966949809,0.498179373842692,0.0198384994270121,0.423973830035315
AT1G44830.1,0.607499501578115,0.189848297287086,0.134082774784088,0.0685694263507105
AT1G45015.1,0.0259687688661473,0.0857096487641889,0.0116427428113213,0.876678839558343
AT1G45015.2,0.0250825143306535,0.0852294577482145,0.0111624293538137,0.878525598567318
AT1G45201.2,0.107948640447046,0.275526903940895,0.0527730401606525,0.563751415451407
AT1G45201.1,0.107716214949624,0.279318294756939,0.0523655686659119,0.560599921627525
AT1G46554.1,0.165928721283711,0.748143701373907,0.0308555784956639,0.0550719988467181
AT1G47760.1,0.116242459827019,0.788319833857053,0.028037176614499,0.0674005297014293
AT1G47980.1,0.12146672064418,0.254871797448729,0.0635776756997869,0.560083806207304
AT1G48100.1,0.117770645360679,0.314158755643137,0.0583922999065333,0.509678299089651
AT1G48130.1,0.139132579198047,0.340692536603867,0.0591304438390724,0.461044440359014
AT1G48325.1,0.260803099587001,0.172196425325309,0.445869831123706,0.121130643963984
AT1G48480.1,0.0661722406944704,0.797286150499212,0.0198108217846736,0.116730787021644
AT1G48640.1,0.356443483251786,0.0806557793556118,0.527589641843532,0.0353110955490704
AT1G48690.1,0.820157980759778,0.0657605361261559,0.0928110264984763,0.0212704566155903
AT1G48745.1,0.0368368268388599,0.878952637868709,0.0102366703863872,0.073973864906044
AT1G48930.1,0.175590621415865,0.0495391786638239,0.752548674707569,0.0223215252127427
AT1G48990.1,0.0621205857093058,0.214065366298772,0.0270451362129226,0.696768911778999
AT1G49130.1,0.202368428369294,0.619659611969968,0.0555481860747936,0.122423773585944
AT1G49200.1,0.819063765871343,0.10169811928561,0.0541951569898605,0.0250429578531863
AT1G49210.1,0.388063333988844,0.106878037714943,0.454077746936314,0.0509808813598984
AT1G49310.1,0.680779536207795,0.0829502562599349,0.207734631168783,0.0285355763634866
AT1G49320.1,0.682399804978164,0.067029709931582,0.227354466566174,0.0232160185240805
AT1G49450.1,0.0515630978084436,0.15327821662628,0.0246125555340205,0.770546130031256
AT1G49475.1,0.0741111290295739,0.228056819063309,0.0314818278280749,0.666350224079042
AT1G49570.1,0.218035474178074,0.114683068059422,0.595707303715472,0.0715741540470327
AT1G49660.1,0.719771842384592,0.0888579759266748,0.159793875325817,0.0315763063629168
AT1G49960.1,0.145817635590819,0.259889569247489,0.0879914424783927,0.506301352683299
AT1G50040.1,0.032589239847659,0.00828696870158097,0.955271551380124,0.00385224007063635
AT1G50060.1,0.28035106635159,0.108179691419227,0.552304899484757,0.0591643427444258
AT1G50110.1,0.196295233591734,0.0855915295252995,0.668318953319123,0.0497942835638429
AT1G50420.1,0.853388305193386,0.0636808781866585,0.0635769386857363,0.0193538779342197
AT1G51500.1,0.0731439767641347,0.841655797748674,0.0190943643473235,0.0661058611398675
AT1G51800.1,0.500522965807551,0.0870197633027448,0.377678065133259,0.0347792057564455
AT1G51860.1,0.846833482486292,0.0434562897253261,0.0956670588637905,0.0140431689245914
AT1G52200.1,0.591501697190113,0.20251061012931,0.136706398747129,0.0692812939334478
AT1G52230.1,0.168853482161683,0.659186240285162,0.0458417039638174,0.126118573589338
AT1G52330.1,0.904224091789344,0.0390031546021995,0.0451291082920095,0.0116436453164469
AT1G52330.2,0.900087816897072,0.0403183208440351,0.0474687933134596,0.012125068945433
AT1G52750.1,0.15111650583557,0.698698552811161,0.0417953432263013,0.108389598126968
AT1G52830.1,0.132495192149646,0.336573990577059,0.0672899307370261,0.463640886536269
AT1G52855.1,0.100906360654868,0.557295451042843,0.0339184983599799,0.307879689942309
AT1G52890.1,0.369879675375076,0.133062304872662,0.429060057210013,0.067997962542249
AT1G53080.1,0.657014120319697,0.0740844887986763,0.243434971719167,0.0254664191624604
AT1G53230.1,0.616565807610233,0.208050067189909,0.110576464078266,0.064807661121592
AT1G53340.1,0.143002356616163,0.0363247100541699,0.803686514366964,0.0169864189627031
AT1G53540.1,0.0929926719938004,0.788316256079276,0.0268124714217292,0.091878600505194
AT1G53610.1,0.0986965279309589,0.420422939152541,0.0342817763275585,0.446598756588942
AT1G53680.1,0.289483768381546,0.0865208157861159,0.584024227086044,0.0399711887462935
AT1G53690.1,0.508651630580657,0.319234428481679,0.0962671736444363,0.0758467672932278
AT1G53700.1,0.809126529674528,0.0716208423135161,0.0967922714369544,0.0224603565750014
AT1G53708.1,0.30141059838678,0.118239048477317,0.515492340015869,0.0648580131200343
AT1G53830.1,0.129237757332131,0.772464761116837,0.0276049597261093,0.0706925218249228
AT1G53890.1,0.213086520083289,0.0926942221151089,0.641921838581061,0.0522974192205411
AT1G54100.2,0.725534786795686,0.163794288392595,0.0733970588858386,0.0372738659258805
AT1G54100.1,0.724960302013575,0.164108986923597,0.0735826093486118,0.0373481017142155
AT1G54200.1,0.811570074916479,0.0894291433775078,0.0751413791738779,0.0238594025321356
AT1G54500.1,0.138106516539628,0.776949797569578,0.0278796763744402,0.057064009516354
AT1G54540.1,0.0721752401491442,0.199325087838085,0.036256035777674,0.692243636235097
AT1G54890.1,0.543672442232889,0.126017857242208,0.278763176881074,0.0515465236438299
AT1G54970.1,0.21556868330838,0.110985971772813,0.605772199370497,0.0676731455483107
AT1G55152.1,0.273527391554733,0.560945989399372,0.0694866107749338,0.096040008270962
AT1G55240.1,0.0408058647467321,0.10907745278431,0.0201850788402834,0.829931603628674
AT1G55290.1,0.448235767246039,0.0641739951532004,0.463201563812093,0.0243886737886676
AT1G55365.1,0.50012384818143,0.27055348138336,0.141700092956354,0.0876225774788556
AT1G55510.1,0.735504920316789,0.163440696509601,0.0647637025044634,0.0362906806691461
AT1G55810.1,0.789780505456622,0.0715618405217388,0.117069461010953,0.0215881930106864
AT1G55810.3,0.792275846006961,0.0716556184791047,0.114548545978107,0.0215199895358282
AT1G55810.2,0.789796531691474,0.0727599973699863,0.115595107097511,0.0218483638410284
